0.23203125
0.2578125
0.28359375
0.30937499999999996
0.33515625
0.36093749999999997
0.38671875
0.399609375
0.42539062499999997
0.451171875
0.476953125
0.502734375
0.5285156249999999
0.554296875
0.5671875
0.5929687499999999
0.605859375
0.631640625
0.6574218749999999
0.6832031249999999
0.69609375
0.708984375
0.734765625
0.760546875
0.7734375
0.7863281249999999
0.8121093749999999
0.8121093749999999
0.8507812499999999
0.863671875
0.889453125
0.9152343749999999
0.9410156249999999
0.95390625
0.9796874999999999
0.992578125
1.018359375
1.044140625
1.0570312499999999
1.069921875
1.095703125
1.10859375
1.1214843749999999
1.147265625
1.16015625
1.173046875
1.198828125
1.21171875
1.224609375
1.2503906249999999
1.26328125
1.276171875
1.3019531249999998
1.3148437499999999
1.327734375
1.353515625
1.3664062499999998
1.3792968749999999
1.3921875
1.405078125
1.4308593749999998
1.4308593749999998
1.456640625
1.46953125
1.482421875
1.4953124999999998
1.5082031249999999
1.52109375
1.533984375
1.546875
1.5597656249999998
1.5726562499999999
1.585546875
1.5984375
1.611328125
1.6242187499999998
1.6371093749999999
1.6371093749999999
1.6371093749999999
1.662890625
1.6886718749999998
1.7015624999999999
1.72734375
1.740234375
1.7531249999999998
1.7660156249999999
1.791796875
1.8046875
1.8175781249999998
1.8304687499999999
1.843359375
1.869140625
1.8820312499999998
1.8949218749999999
1.9078125
1.920703125
1.9464843749999998
1.9464843749999998
1.9593749999999999
1.972265625
1.998046875
1.998046875
2.0109375
2.023828125
2.03671875
2.0496093749999997
2.0496093749999997
2.075390625
2.08828125
2.101171875
2.1140624999999997
2.126953125
2.13984375
2.152734375
2.165625
2.1785156249999997
2.19140625
2.204296875
2.2171875
2.230078125
2.230078125
2.2429687499999997
2.255859375
2.255859375
2.26875
2.281640625
2.29453125
2.3074218749999997
2.3074218749999997
2.3203125
2.333203125
2.34609375
2.358984375
2.358984375
2.3718749999999997
2.384765625
2.384765625
2.39765625
2.39765625
2.410546875
2.410546875
2.4234375
2.4234375
2.4363281249999997
2.4363281249999997
2.44921875
2.44921875
2.462109375
2.462109375
2.462109375
2.4749999999999996
2.487890625
2.5007812499999997
2.513671875
2.513671875
2.5265625
2.5394531249999996
2.5394531249999996
2.55234375
2.55234375
2.5652343749999997
2.5652343749999997
2.5652343749999997
2.578125
2.591015625
2.591015625
2.591015625
2.6039062499999996
2.6039062499999996
2.616796875
2.616796875
2.616796875
2.616796875
2.6296874999999997
2.6296874999999997
2.6296874999999997
2.6296874999999997
2.6296874999999997
2.642578125
2.6296874999999997
2.616796875
2.6039062499999996
2.591015625
2.578125
2.578125
2.5652343749999997
2.55234375
2.55234375
2.5394531249999996
2.5265625
2.5265625
2.5265625
2.513671875
2.513671875
2.5007812499999997
2.5007812499999997
2.5007812499999997
2.487890625
2.487890625
2.487890625
2.487890625
2.4749999999999996
2.4749999999999996
2.4749999999999996
2.4749999999999996
2.4749999999999996
2.4749999999999996
2.462109375
2.44921875
2.4363281249999997
2.4363281249999997
2.4234375
2.4234375
2.410546875
2.39765625
2.39765625
2.384765625
2.384765625
2.3718749999999997
2.3718749999999997
2.3718749999999997
2.358984375
2.358984375
2.34609375
2.34609375
2.34609375
2.333203125
2.333203125
2.3203125
2.3203125
2.3203125
2.3203125
2.3074218749999997
2.3074218749999997
2.3074218749999997
2.29453125
2.29453125
2.29453125
2.29453125
2.281640625
2.281640625
2.281640625
2.281640625
2.281640625
2.281640625
2.26875
2.26875
2.26875
2.26875
2.26875
2.26875
2.26875
2.26875
2.26875
2.255859375
2.255859375
2.2429687499999997
2.2429687499999997
2.2429687499999997
2.2429687499999997
2.230078125
2.230078125
2.230078125
2.2171875
2.2171875
2.2171875
2.2171875
2.2171875
2.204296875
2.204296875
2.204296875
2.204296875
2.19140625
2.19140625
2.19140625
2.19140625
2.19140625
2.19140625
2.19140625
2.1785156249999997
2.1785156249999997
2.1785156249999997
2.1785156249999997
2.1785156249999997
2.1785156249999997
2.1785156249999997
2.1785156249999997
2.1785156249999997
2.1785156249999997
2.1785156249999997
2.165625
